,datasets/IR-Plag-Dataset/case-01/original/T1.java,datasets/IR-Plag-Dataset/case-01/non-plagiarized/03/Nomor1_2451041557A22145B3701B0184109CAB013.java,datasets/IR-Plag-Dataset/case-01/non-plagiarized/04/T01.java,datasets/IR-Plag-Dataset/case-01/non-plagiarized/05/T01.java,datasets/IR-Plag-Dataset/case-01/non-plagiarized/02/T01.java,datasets/IR-Plag-Dataset/case-01/non-plagiarized/11/T01.java,datasets/IR-Plag-Dataset/case-01/non-plagiarized/10/Main.java,datasets/IR-Plag-Dataset/case-01/non-plagiarized/07/Main.java,datasets/IR-Plag-Dataset/case-01/non-plagiarized/09/t01.java,datasets/IR-Plag-Dataset/case-01/non-plagiarized/08/T01.java,datasets/IR-Plag-Dataset/case-01/non-plagiarized/01/T01.java,datasets/IR-Plag-Dataset/case-01/non-plagiarized/06/T01.java,datasets/IR-Plag-Dataset/case-01/non-plagiarized/15/T01.java,datasets/IR-Plag-Dataset/case-01/non-plagiarized/12/T01.java,datasets/IR-Plag-Dataset/case-01/non-plagiarized/13/No1.java,datasets/IR-Plag-Dataset/case-01/non-plagiarized/14/Soal1.java,datasets/IR-Plag-Dataset/case-01/plagiarized/L3/03/HelloWorld.java,datasets/IR-Plag-Dataset/case-01/plagiarized/L3/04/hellow.java,datasets/IR-Plag-Dataset/case-01/plagiarized/L3/05/Kasus1L3.java,datasets/IR-Plag-Dataset/case-01/plagiarized/L3/02/Main.java,datasets/IR-Plag-Dataset/case-01/plagiarized/L3/01/L3.java,datasets/IR-Plag-Dataset/case-01/plagiarized/L3/06/Level3.java,datasets/IR-Plag-Dataset/case-01/plagiarized/L4/03/Main.java,datasets/IR-Plag-Dataset/case-01/plagiarized/L4/04/HelloWorld.java,datasets/IR-Plag-Dataset/case-01/plagiarized/L4/05/hellow.java,datasets/IR-Plag-Dataset/case-01/plagiarized/L4/02/Main.java,datasets/IR-Plag-Dataset/case-01/plagiarized/L4/01/L4.java,datasets/IR-Plag-Dataset/case-01/plagiarized/L4/06/Level4.java,datasets/IR-Plag-Dataset/case-01/plagiarized/L5/03/WelcomeToJava.java,datasets/IR-Plag-Dataset/case-01/plagiarized/L5/04/hellow.java,datasets/IR-Plag-Dataset/case-01/plagiarized/L5/05/PrintJava.java,datasets/IR-Plag-Dataset/case-01/plagiarized/L5/02/Main.java,datasets/IR-Plag-Dataset/case-01/plagiarized/L5/01/L5.java,datasets/IR-Plag-Dataset/case-01/plagiarized/L2/03/WelcomeToJava.java,datasets/IR-Plag-Dataset/case-01/plagiarized/L2/04/hellow.java,datasets/IR-Plag-Dataset/case-01/plagiarized/L2/05/PrintJava.java,datasets/IR-Plag-Dataset/case-01/plagiarized/L2/02/Main.java,datasets/IR-Plag-Dataset/case-01/plagiarized/L2/01/L2.java,datasets/IR-Plag-Dataset/case-01/plagiarized/L1/03/Main.java,datasets/IR-Plag-Dataset/case-01/plagiarized/L1/04/T1.java,datasets/IR-Plag-Dataset/case-01/plagiarized/L1/05/HelloWorld.java,datasets/IR-Plag-Dataset/case-01/plagiarized/L1/02/Main.java,datasets/IR-Plag-Dataset/case-01/plagiarized/L1/07/Main.java,datasets/IR-Plag-Dataset/case-01/plagiarized/L1/09/Level1.java,datasets/IR-Plag-Dataset/case-01/plagiarized/L1/08/Kasus1L1.java,datasets/IR-Plag-Dataset/case-01/plagiarized/L1/01/L1.java,datasets/IR-Plag-Dataset/case-01/plagiarized/L1/06/HelloWorld.java,datasets/IR-Plag-Dataset/case-01/plagiarized/L6/03/Main.java,datasets/IR-Plag-Dataset/case-01/plagiarized/L6/04/WelcomeToJava.java,datasets/IR-Plag-Dataset/case-01/plagiarized/L6/05/HelloWorld.java,datasets/IR-Plag-Dataset/case-01/plagiarized/L6/02/Main.java,datasets/IR-Plag-Dataset/case-01/plagiarized/L6/07/PrintJava.java,datasets/IR-Plag-Dataset/case-01/plagiarized/L6/09/Level6.java,datasets/IR-Plag-Dataset/case-01/plagiarized/L6/08/Kasus1L6.java,datasets/IR-Plag-Dataset/case-01/plagiarized/L6/01/L6.java,datasets/IR-Plag-Dataset/case-01/plagiarized/L6/06/hellow.java
datasets/IR-Plag-Dataset/case-01/original/T1.java,1.0,0.4186046511627907,0.4186046511627907,0.4186046511627907,0.4186046511627907,0.4186046511627907,0.4186046511627907,0.375,0.4186046511627907,0.4186046511627907,0.4186046511627907,0.4186046511627907,0.37209302325581395,0.4186046511627907,1.0,0.32,0.9583333333333334,1.0,0.625,1.0,1.0,1.0,0.5945945945945946,0.3469387755102041,0.5789473684210527,0.40476190476190477,0.5526315789473685,0.6153846153846154,0.37254901960784315,0.3953488372093023,0.3728813559322034,0.3333333333333333,0.22033898305084745,0.7241379310344828,1.0,1.0,1.0,1.0,1.0,1.0,0.9583333333333334,1.0,1.0,1.0,1.0,1.0,1.0,0.32727272727272727,0.2537313432835821,0.16923076923076924,0.3103448275862069,0.3728813559322034,0.203125,0.3333333333333333,0.22033898305084745,0.3953488372093023
datasets/IR-Plag-Dataset/case-01/non-plagiarized/03/Nomor1_2451041557A22145B3701B0184109CAB013.java,0.4186046511627907,1.0,1.0,1.0,1.0,1.0,1.0,0.717391304347826,1.0,1.0,1.0,1.0,0.7560975609756098,1.0,0.4186046511627907,0.6458333333333334,0.3953488372093023,0.4186046511627907,0.32653061224489793,0.4186046511627907,0.4186046511627907,0.4186046511627907,0.3333333333333333,0.2153846153846154,0.32727272727272727,0.3090909090909091,0.3090909090909091,0.3333333333333333,0.27692307692307694,0.21666666666666667,0.5932203389830508,0.7,0.5178571428571429,0.4,0.4186046511627907,0.4186046511627907,0.4186046511627907,0.4186046511627907,0.4186046511627907,0.4186046511627907,0.3953488372093023,0.4186046511627907,0.4186046511627907,0.4186046511627907,0.4186046511627907,0.4186046511627907,0.4186046511627907,0.4098360655737705,0.22784810126582278,0.2361111111111111,0.2535211267605634,0.36231884057971014,0.18421052631578946,0.26865671641791045,0.2878787878787879,0.21666666666666667
datasets/IR-Plag-Dataset/case-01/non-plagiarized/04/T01.java,0.4186046511627907,1.0,1.0,1.0,1.0,1.0,1.0,0.717391304347826,1.0,1.0,1.0,1.0,0.7560975609756098,1.0,0.4186046511627907,0.6458333333333334,0.3953488372093023,0.4186046511627907,0.32653061224489793,0.4186046511627907,0.4186046511627907,0.4186046511627907,0.3333333333333333,0.2153846153846154,0.32727272727272727,0.3090909090909091,0.3090909090909091,0.3333333333333333,0.27692307692307694,0.21666666666666667,0.5932203389830508,0.7,0.5178571428571429,0.4,0.4186046511627907,0.4186046511627907,0.4186046511627907,0.4186046511627907,0.4186046511627907,0.4186046511627907,0.3953488372093023,0.4186046511627907,0.4186046511627907,0.4186046511627907,0.4186046511627907,0.4186046511627907,0.4186046511627907,0.4098360655737705,0.22784810126582278,0.2361111111111111,0.2535211267605634,0.36231884057971014,0.18421052631578946,0.26865671641791045,0.2878787878787879,0.21666666666666667
datasets/IR-Plag-Dataset/case-01/non-plagiarized/05/T01.java,0.4186046511627907,1.0,1.0,1.0,1.0,1.0,1.0,0.717391304347826,1.0,1.0,1.0,1.0,0.7560975609756098,1.0,0.4186046511627907,0.6458333333333334,0.3953488372093023,0.4186046511627907,0.32653061224489793,0.4186046511627907,0.4186046511627907,0.4186046511627907,0.3333333333333333,0.2153846153846154,0.32727272727272727,0.3090909090909091,0.3090909090909091,0.3333333333333333,0.27692307692307694,0.21666666666666667,0.5932203389830508,0.7,0.5178571428571429,0.4,0.4186046511627907,0.4186046511627907,0.4186046511627907,0.4186046511627907,0.4186046511627907,0.4186046511627907,0.3953488372093023,0.4186046511627907,0.4186046511627907,0.4186046511627907,0.4186046511627907,0.4186046511627907,0.4186046511627907,0.4098360655737705,0.22784810126582278,0.2361111111111111,0.2535211267605634,0.36231884057971014,0.18421052631578946,0.26865671641791045,0.2878787878787879,0.21666666666666667
datasets/IR-Plag-Dataset/case-01/non-plagiarized/02/T01.java,0.4186046511627907,1.0,1.0,1.0,1.0,1.0,1.0,0.717391304347826,1.0,1.0,1.0,1.0,0.7560975609756098,1.0,0.4186046511627907,0.6458333333333334,0.3953488372093023,0.4186046511627907,0.32653061224489793,0.4186046511627907,0.4186046511627907,0.4186046511627907,0.3333333333333333,0.2153846153846154,0.32727272727272727,0.3090909090909091,0.3090909090909091,0.3333333333333333,0.27692307692307694,0.21666666666666667,0.5932203389830508,0.7,0.5178571428571429,0.4,0.4186046511627907,0.4186046511627907,0.4186046511627907,0.4186046511627907,0.4186046511627907,0.4186046511627907,0.3953488372093023,0.4186046511627907,0.4186046511627907,0.4186046511627907,0.4186046511627907,0.4186046511627907,0.4186046511627907,0.4098360655737705,0.22784810126582278,0.2361111111111111,0.2535211267605634,0.36231884057971014,0.18421052631578946,0.26865671641791045,0.2878787878787879,0.21666666666666667
datasets/IR-Plag-Dataset/case-01/non-plagiarized/11/T01.java,0.4186046511627907,1.0,1.0,1.0,1.0,1.0,1.0,0.717391304347826,1.0,1.0,1.0,1.0,0.7560975609756098,1.0,0.4186046511627907,0.6458333333333334,0.3953488372093023,0.4186046511627907,0.32653061224489793,0.4186046511627907,0.4186046511627907,0.4186046511627907,0.3333333333333333,0.2153846153846154,0.32727272727272727,0.3090909090909091,0.3090909090909091,0.3333333333333333,0.27692307692307694,0.21666666666666667,0.5932203389830508,0.7,0.5178571428571429,0.4,0.4186046511627907,0.4186046511627907,0.4186046511627907,0.4186046511627907,0.4186046511627907,0.4186046511627907,0.3953488372093023,0.4186046511627907,0.4186046511627907,0.4186046511627907,0.4186046511627907,0.4186046511627907,0.4186046511627907,0.4098360655737705,0.22784810126582278,0.2361111111111111,0.2535211267605634,0.36231884057971014,0.18421052631578946,0.26865671641791045,0.2878787878787879,0.21666666666666667
datasets/IR-Plag-Dataset/case-01/non-plagiarized/10/Main.java,0.4186046511627907,1.0,1.0,1.0,1.0,1.0,1.0,0.717391304347826,1.0,1.0,1.0,1.0,0.7560975609756098,1.0,0.4186046511627907,0.6458333333333334,0.3953488372093023,0.4186046511627907,0.32653061224489793,0.4186046511627907,0.4186046511627907,0.4186046511627907,0.3333333333333333,0.2153846153846154,0.32727272727272727,0.3090909090909091,0.3090909090909091,0.3333333333333333,0.27692307692307694,0.21666666666666667,0.5932203389830508,0.7,0.5178571428571429,0.4,0.4186046511627907,0.4186046511627907,0.4186046511627907,0.4186046511627907,0.4186046511627907,0.4186046511627907,0.3953488372093023,0.4186046511627907,0.4186046511627907,0.4186046511627907,0.4186046511627907,0.4186046511627907,0.4186046511627907,0.4098360655737705,0.22784810126582278,0.2361111111111111,0.2535211267605634,0.36231884057971014,0.18421052631578946,0.26865671641791045,0.2878787878787879,0.21666666666666667
datasets/IR-Plag-Dataset/case-01/non-plagiarized/07/Main.java,0.375,0.717391304347826,0.717391304347826,0.717391304347826,0.717391304347826,0.717391304347826,0.717391304347826,1.0,0.717391304347826,0.717391304347826,0.717391304347826,0.717391304347826,0.54,0.717391304347826,0.375,0.47368421052631576,0.3541666666666667,0.375,0.42857142857142855,0.375,0.375,0.375,0.3050847457627119,0.2,0.3,0.2833333333333333,0.2833333333333333,0.42105263157894735,0.2571428571428571,0.2,0.5,0.5789473684210527,0.42857142857142855,0.36,0.375,0.375,0.375,0.375,0.375,0.375,0.3541666666666667,0.375,0.375,0.375,0.375,0.375,0.375,0.3382352941176471,0.21428571428571427,0.189873417721519,0.40298507462686567,0.3026315789473684,0.25,0.25,0.2328767123287671,0.2
datasets/IR-Plag-Dataset/case-01/non-plagiarized/09/t01.java,0.4186046511627907,1.0,1.0,1.0,1.0,1.0,1.0,0.717391304347826,1.0,1.0,1.0,1.0,0.7560975609756098,1.0,0.4186046511627907,0.6458333333333334,0.3953488372093023,0.4186046511627907,0.32653061224489793,0.4186046511627907,0.4186046511627907,0.4186046511627907,0.3333333333333333,0.2153846153846154,0.32727272727272727,0.3090909090909091,0.3090909090909091,0.3333333333333333,0.27692307692307694,0.21666666666666667,0.5932203389830508,0.7,0.5178571428571429,0.4,0.4186046511627907,0.4186046511627907,0.4186046511627907,0.4186046511627907,0.4186046511627907,0.4186046511627907,0.3953488372093023,0.4186046511627907,0.4186046511627907,0.4186046511627907,0.4186046511627907,0.4186046511627907,0.4186046511627907,0.4098360655737705,0.22784810126582278,0.2361111111111111,0.2535211267605634,0.36231884057971014,0.18421052631578946,0.26865671641791045,0.2878787878787879,0.21666666666666667
datasets/IR-Plag-Dataset/case-01/non-plagiarized/08/T01.java,0.4186046511627907,1.0,1.0,1.0,1.0,1.0,1.0,0.717391304347826,1.0,1.0,1.0,1.0,0.7560975609756098,1.0,0.4186046511627907,0.6458333333333334,0.3953488372093023,0.4186046511627907,0.32653061224489793,0.4186046511627907,0.4186046511627907,0.4186046511627907,0.3333333333333333,0.2153846153846154,0.32727272727272727,0.3090909090909091,0.3090909090909091,0.3333333333333333,0.27692307692307694,0.21666666666666667,0.5932203389830508,0.7,0.5178571428571429,0.4,0.4186046511627907,0.4186046511627907,0.4186046511627907,0.4186046511627907,0.4186046511627907,0.4186046511627907,0.3953488372093023,0.4186046511627907,0.4186046511627907,0.4186046511627907,0.4186046511627907,0.4186046511627907,0.4186046511627907,0.4098360655737705,0.22784810126582278,0.2361111111111111,0.2535211267605634,0.36231884057971014,0.18421052631578946,0.26865671641791045,0.2878787878787879,0.21666666666666667
datasets/IR-Plag-Dataset/case-01/non-plagiarized/01/T01.java,0.4186046511627907,1.0,1.0,1.0,1.0,1.0,1.0,0.717391304347826,1.0,1.0,1.0,1.0,0.7560975609756098,1.0,0.4186046511627907,0.6458333333333334,0.3953488372093023,0.4186046511627907,0.32653061224489793,0.4186046511627907,0.4186046511627907,0.4186046511627907,0.3333333333333333,0.2153846153846154,0.32727272727272727,0.3090909090909091,0.3090909090909091,0.3333333333333333,0.27692307692307694,0.21666666666666667,0.5932203389830508,0.7,0.5178571428571429,0.4,0.4186046511627907,0.4186046511627907,0.4186046511627907,0.4186046511627907,0.4186046511627907,0.4186046511627907,0.3953488372093023,0.4186046511627907,0.4186046511627907,0.4186046511627907,0.4186046511627907,0.4186046511627907,0.4186046511627907,0.4098360655737705,0.22784810126582278,0.2361111111111111,0.2535211267605634,0.36231884057971014,0.18421052631578946,0.26865671641791045,0.2878787878787879,0.21666666666666667
datasets/IR-Plag-Dataset/case-01/non-plagiarized/06/T01.java,0.4186046511627907,1.0,1.0,1.0,1.0,1.0,1.0,0.717391304347826,1.0,1.0,1.0,1.0,0.7560975609756098,1.0,0.4186046511627907,0.6458333333333334,0.3953488372093023,0.4186046511627907,0.32653061224489793,0.4186046511627907,0.4186046511627907,0.4186046511627907,0.3333333333333333,0.2153846153846154,0.32727272727272727,0.3090909090909091,0.3090909090909091,0.3333333333333333,0.27692307692307694,0.21666666666666667,0.5932203389830508,0.7,0.5178571428571429,0.4,0.4186046511627907,0.4186046511627907,0.4186046511627907,0.4186046511627907,0.4186046511627907,0.4186046511627907,0.3953488372093023,0.4186046511627907,0.4186046511627907,0.4186046511627907,0.4186046511627907,0.4186046511627907,0.4186046511627907,0.4098360655737705,0.22784810126582278,0.2361111111111111,0.2535211267605634,0.36231884057971014,0.18421052631578946,0.26865671641791045,0.2878787878787879,0.21666666666666667
datasets/IR-Plag-Dataset/case-01/non-plagiarized/15/T01.java,0.37209302325581395,0.7560975609756098,0.7560975609756098,0.7560975609756098,0.7560975609756098,0.7560975609756098,0.7560975609756098,0.54,0.7560975609756098,0.7560975609756098,0.7560975609756098,0.7560975609756098,1.0,0.7560975609756098,0.37209302325581395,0.8333333333333334,0.3488372093023256,0.37209302325581395,0.3404255319148936,0.37209302325581395,0.37209302325581395,0.37209302325581395,0.2962962962962963,0.18461538461538463,0.2909090909090909,0.2727272727272727,0.2727272727272727,0.2982456140350877,0.24615384615384617,0.18333333333333332,0.4603174603174603,0.5370370370370371,0.4067796610169492,0.35555555555555557,0.37209302325581395,0.37209302325581395,0.37209302325581395,0.37209302325581395,0.37209302325581395,0.37209302325581395,0.3488372093023256,0.37209302325581395,0.37209302325581395,0.37209302325581395,0.37209302325581395,0.37209302325581395,0.37209302325581395,0.3548387096774194,0.20253164556962025,0.2608695652173913,0.20833333333333334,0.3142857142857143,0.15789473684210525,0.23880597014925373,0.25757575757575757,0.18333333333333332
datasets/IR-Plag-Dataset/case-01/non-plagiarized/12/T01.java,0.4186046511627907,1.0,1.0,1.0,1.0,1.0,1.0,0.717391304347826,1.0,1.0,1.0,1.0,0.7560975609756098,1.0,0.4186046511627907,0.6458333333333334,0.3953488372093023,0.4186046511627907,0.32653061224489793,0.4186046511627907,0.4186046511627907,0.4186046511627907,0.3333333333333333,0.2153846153846154,0.32727272727272727,0.3090909090909091,0.3090909090909091,0.3333333333333333,0.27692307692307694,0.21666666666666667,0.5932203389830508,0.7,0.5178571428571429,0.4,0.4186046511627907,0.4186046511627907,0.4186046511627907,0.4186046511627907,0.4186046511627907,0.4186046511627907,0.3953488372093023,0.4186046511627907,0.4186046511627907,0.4186046511627907,0.4186046511627907,0.4186046511627907,0.4186046511627907,0.4098360655737705,0.22784810126582278,0.2361111111111111,0.2535211267605634,0.36231884057971014,0.18421052631578946,0.26865671641791045,0.2878787878787879,0.21666666666666667
datasets/IR-Plag-Dataset/case-01/non-plagiarized/13/No1.java,1.0,0.4186046511627907,0.4186046511627907,0.4186046511627907,0.4186046511627907,0.4186046511627907,0.4186046511627907,0.375,0.4186046511627907,0.4186046511627907,0.4186046511627907,0.4186046511627907,0.37209302325581395,0.4186046511627907,1.0,0.32,0.9583333333333334,1.0,0.625,1.0,1.0,1.0,0.5945945945945946,0.3469387755102041,0.5789473684210527,0.40476190476190477,0.5526315789473685,0.6153846153846154,0.37254901960784315,0.3953488372093023,0.3728813559322034,0.3333333333333333,0.22033898305084745,0.7241379310344828,1.0,1.0,1.0,1.0,1.0,1.0,0.9583333333333334,1.0,1.0,1.0,1.0,1.0,1.0,0.32727272727272727,0.2537313432835821,0.16923076923076924,0.3103448275862069,0.3728813559322034,0.203125,0.3333333333333333,0.22033898305084745,0.3953488372093023
datasets/IR-Plag-Dataset/case-01/non-plagiarized/14/Soal1.java,0.32,0.6458333333333334,0.6458333333333334,0.6458333333333334,0.6458333333333334,0.6458333333333334,0.6458333333333334,0.47368421052631576,0.6458333333333334,0.6458333333333334,0.6458333333333334,0.6458333333333334,0.8333333333333334,0.6458333333333334,0.32,1.0,0.3,0.32,0.2962962962962963,0.32,0.32,0.32,0.26229508196721313,0.16666666666666666,0.25806451612903225,0.24193548387096775,0.24193548387096775,0.265625,0.2222222222222222,0.16417910447761194,0.4142857142857143,0.47540983606557374,0.36363636363636365,0.3076923076923077,0.32,0.32,0.32,0.32,0.32,0.32,0.3,0.32,0.32,0.32,0.32,0.32,0.32,0.3188405797101449,0.18604651162790697,0.23684210526315788,0.189873417721519,0.2857142857142857,0.14457831325301204,0.21621621621621623,0.2328767123287671,0.16417910447761194
datasets/IR-Plag-Dataset/case-01/plagiarized/L3/03/HelloWorld.java,0.9583333333333334,0.3953488372093023,0.3953488372093023,0.3953488372093023,0.3953488372093023,0.3953488372093023,0.3953488372093023,0.3541666666666667,0.3953488372093023,0.3953488372093023,0.3953488372093023,0.3953488372093023,0.3488372093023256,0.3953488372093023,0.9583333333333334,0.3,1.0,0.9583333333333334,0.59375,0.9583333333333334,0.9583333333333334,0.9583333333333334,0.5675675675675675,0.3541666666666667,0.5526315789473685,0.38095238095238093,0.5263157894736842,0.5897435897435898,0.35294117647058826,0.37209302325581395,0.3559322033898305,0.3148148148148148,0.2033898305084746,0.6896551724137931,0.9583333333333334,0.9583333333333334,0.9583333333333334,0.9583333333333334,0.9583333333333334,0.9583333333333334,1.0,0.9583333333333334,0.9583333333333334,0.9583333333333334,0.9583333333333334,0.9583333333333334,0.9583333333333334,0.3090909090909091,0.23880597014925373,0.171875,0.29310344827586204,0.3559322033898305,0.1875,0.3148148148148148,0.2033898305084746,0.37209302325581395
datasets/IR-Plag-Dataset/case-01/plagiarized/L3/04/hellow.java,1.0,0.4186046511627907,0.4186046511627907,0.4186046511627907,0.4186046511627907,0.4186046511627907,0.4186046511627907,0.375,0.4186046511627907,0.4186046511627907,0.4186046511627907,0.4186046511627907,0.37209302325581395,0.4186046511627907,1.0,0.32,0.9583333333333334,1.0,0.625,1.0,1.0,1.0,0.5945945945945946,0.3469387755102041,0.5789473684210527,0.40476190476190477,0.5526315789473685,0.6153846153846154,0.37254901960784315,0.3953488372093023,0.3728813559322034,0.3333333333333333,0.22033898305084745,0.7241379310344828,1.0,1.0,1.0,1.0,1.0,1.0,0.9583333333333334,1.0,1.0,1.0,1.0,1.0,1.0,0.32727272727272727,0.2537313432835821,0.16923076923076924,0.3103448275862069,0.3728813559322034,0.203125,0.3333333333333333,0.22033898305084745,0.3953488372093023
datasets/IR-Plag-Dataset/case-01/plagiarized/L3/05/Kasus1L3.java,0.625,0.32653061224489793,0.32653061224489793,0.32653061224489793,0.32653061224489793,0.32653061224489793,0.32653061224489793,0.42857142857142855,0.32653061224489793,0.32653061224489793,0.32653061224489793,0.32653061224489793,0.3404255319148936,0.32653061224489793,0.625,0.2962962962962963,0.59375,0.625,1.0,0.625,0.625,0.625,0.46511627906976744,0.2727272727272727,0.45454545454545453,0.3125,0.4318181818181818,0.5952380952380952,0.27586206896551724,0.30612244897959184,0.3076923076923077,0.26666666666666666,0.16923076923076924,0.5882352941176471,0.625,0.625,0.625,0.625,0.625,0.625,0.59375,0.625,0.625,0.625,0.625,0.625,0.625,0.26229508196721313,0.1891891891891892,0.15942028985507245,0.3333333333333333,0.3076923076923077,0.22727272727272727,0.2459016393442623,0.16923076923076924,0.30612244897959184
datasets/IR-Plag-Dataset/case-01/plagiarized/L3/02/Main.java,1.0,0.4186046511627907,0.4186046511627907,0.4186046511627907,0.4186046511627907,0.4186046511627907,0.4186046511627907,0.375,0.4186046511627907,0.4186046511627907,0.4186046511627907,0.4186046511627907,0.37209302325581395,0.4186046511627907,1.0,0.32,0.9583333333333334,1.0,0.625,1.0,1.0,1.0,0.5945945945945946,0.3469387755102041,0.5789473684210527,0.40476190476190477,0.5526315789473685,0.6153846153846154,0.37254901960784315,0.3953488372093023,0.3728813559322034,0.3333333333333333,0.22033898305084745,0.7241379310344828,1.0,1.0,1.0,1.0,1.0,1.0,0.9583333333333334,1.0,1.0,1.0,1.0,1.0,1.0,0.32727272727272727,0.2537313432835821,0.16923076923076924,0.3103448275862069,0.3728813559322034,0.203125,0.3333333333333333,0.22033898305084745,0.3953488372093023
datasets/IR-Plag-Dataset/case-01/plagiarized/L3/01/L3.java,1.0,0.4186046511627907,0.4186046511627907,0.4186046511627907,0.4186046511627907,0.4186046511627907,0.4186046511627907,0.375,0.4186046511627907,0.4186046511627907,0.4186046511627907,0.4186046511627907,0.37209302325581395,0.4186046511627907,1.0,0.32,0.9583333333333334,1.0,0.625,1.0,1.0,1.0,0.5945945945945946,0.3469387755102041,0.5789473684210527,0.40476190476190477,0.5526315789473685,0.6153846153846154,0.37254901960784315,0.3953488372093023,0.3728813559322034,0.3333333333333333,0.22033898305084745,0.7241379310344828,1.0,1.0,1.0,1.0,1.0,1.0,0.9583333333333334,1.0,1.0,1.0,1.0,1.0,1.0,0.32727272727272727,0.2537313432835821,0.16923076923076924,0.3103448275862069,0.3728813559322034,0.203125,0.3333333333333333,0.22033898305084745,0.3953488372093023
datasets/IR-Plag-Dataset/case-01/plagiarized/L3/06/Level3.java,1.0,0.4186046511627907,0.4186046511627907,0.4186046511627907,0.4186046511627907,0.4186046511627907,0.4186046511627907,0.375,0.4186046511627907,0.4186046511627907,0.4186046511627907,0.4186046511627907,0.37209302325581395,0.4186046511627907,1.0,0.32,0.9583333333333334,1.0,0.625,1.0,1.0,1.0,0.5945945945945946,0.3469387755102041,0.5789473684210527,0.40476190476190477,0.5526315789473685,0.6153846153846154,0.37254901960784315,0.3953488372093023,0.3728813559322034,0.3333333333333333,0.22033898305084745,0.7241379310344828,1.0,1.0,1.0,1.0,1.0,1.0,0.9583333333333334,1.0,1.0,1.0,1.0,1.0,1.0,0.32727272727272727,0.2537313432835821,0.16923076923076924,0.3103448275862069,0.3728813559322034,0.203125,0.3333333333333333,0.22033898305084745,0.3953488372093023
datasets/IR-Plag-Dataset/case-01/plagiarized/L4/03/Main.java,0.5945945945945946,0.3333333333333333,0.3333333333333333,0.3333333333333333,0.3333333333333333,0.3333333333333333,0.3333333333333333,0.3050847457627119,0.3333333333333333,0.3333333333333333,0.3333333333333333,0.3333333333333333,0.2962962962962963,0.3333333333333333,0.5945945945945946,0.26229508196721313,0.5675675675675675,0.5945945945945946,0.46511627906976744,0.5945945945945946,0.5945945945945946,0.5945945945945946,1.0,0.5098039215686274,0.775,0.7073170731707317,0.8918918918918919,0.4230769230769231,0.35,0.5777777777777777,0.559322033898305,0.5370370370370371,0.3387096774193548,0.525,0.5945945945945946,0.5945945945945946,0.5945945945945946,0.5945945945945946,0.5945945945945946,0.5945945945945946,0.5675675675675675,0.5945945945945946,0.5945945945945946,0.5945945945945946,0.5945945945945946,0.5945945945945946,0.5945945945945946,0.5272727272727272,0.23376623376623376,0.2608695652173913,0.24285714285714285,0.559322033898305,0.15789473684210525,0.296875,0.3387096774193548,0.5777777777777777
datasets/IR-Plag-Dataset/case-01/plagiarized/L4/04/HelloWorld.java,0.3469387755102041,0.2153846153846154,0.2153846153846154,0.2153846153846154,0.2153846153846154,0.2153846153846154,0.2153846153846154,0.2,0.2153846153846154,0.2153846153846154,0.2153846153846154,0.2153846153846154,0.18461538461538463,0.2153846153846154,0.3469387755102041,0.16666666666666666,0.3541666666666667,0.3469387755102041,0.2727272727272727,0.3469387755102041,0.3469387755102041,0.3469387755102041,0.5098039215686274,1.0,0.41818181818181815,0.4807692307692308,0.5714285714285714,0.3064516129032258,0.2054794520547945,0.3,0.33783783783783783,0.30434782608695654,0.2,0.3076923076923077,0.3469387755102041,0.3469387755102041,0.3469387755102041,0.3469387755102041,0.3469387755102041,0.3469387755102041,0.3541666666666667,0.3469387755102041,0.3469387755102041,0.3469387755102041,0.3469387755102041,0.3469387755102041,0.3469387755102041,0.3,0.2,0.5666666666666667,0.189873417721519,0.33783783783783783,0.11764705882352941,0.18421052631578946,0.2,0.3
datasets/IR-Plag-Dataset/case-01/plagiarized/L4/05/hellow.java,0.5789473684210527,0.32727272727272727,0.32727272727272727,0.32727272727272727,0.32727272727272727,0.32727272727272727,0.32727272727272727,0.3,0.32727272727272727,0.32727272727272727,0.32727272727272727,0.32727272727272727,0.2909090909090909,0.32727272727272727,0.5789473684210527,0.25806451612903225,0.5526315789473685,0.5789473684210527,0.45454545454545453,0.5789473684210527,0.5789473684210527,0.5789473684210527,0.775,0.41818181818181815,1.0,0.5777777777777777,0.7317073170731707,0.5306122448979592,0.3225806451612903,0.7560975609756098,0.453125,0.423728813559322,0.3125,0.5121951219512195,0.5789473684210527,0.5789473684210527,0.5789473684210527,0.5789473684210527,0.5789473684210527,0.5789473684210527,0.5526315789473685,0.5789473684210527,0.5789473684210527,0.5789473684210527,0.5789473684210527,0.5789473684210527,0.5789473684210527,0.4166666666666667,0.2,0.2054794520547945,0.23943661971830985,0.453125,0.2191780821917808,0.3770491803278688,0.3125,0.7560975609756098
datasets/IR-Plag-Dataset/case-01/plagiarized/L4/02/Main.java,0.40476190476190477,0.3090909090909091,0.3090909090909091,0.3090909090909091,0.3090909090909091,0.3090909090909091,0.3090909090909091,0.2833333333333333,0.3090909090909091,0.3090909090909091,0.3090909090909091,0.3090909090909091,0.2727272727272727,0.3090909090909091,0.40476190476190477,0.24193548387096775,0.38095238095238093,0.40476190476190477,0.3125,0.40476190476190477,0.40476190476190477,0.40476190476190477,0.7073170731707317,0.4807692307692308,0.5777777777777777,1.0,0.7948717948717948,0.2982456140350877,0.32786885245901637,0.42,0.4153846153846154,0.48214285714285715,0.3387096774193548,0.35555555555555557,0.40476190476190477,0.40476190476190477,0.40476190476190477,0.40476190476190477,0.40476190476190477,0.40476190476190477,0.38095238095238093,0.40476190476190477,0.40476190476190477,0.40476190476190477,0.40476190476190477,0.40476190476190477,0.40476190476190477,0.47368421052631576,0.21794871794871795,0.3181818181818182,0.1917808219178082,0.4153846153846154,0.15789473684210525,0.296875,0.3387096774193548,0.42
datasets/IR-Plag-Dataset/case-01/plagiarized/L4/01/L4.java,0.5526315789473685,0.3090909090909091,0.3090909090909091,0.3090909090909091,0.3090909090909091,0.3090909090909091,0.3090909090909091,0.2833333333333333,0.3090909090909091,0.3090909090909091,0.3090909090909091,0.3090909090909091,0.2727272727272727,0.3090909090909091,0.5526315789473685,0.24193548387096775,0.5263157894736842,0.5526315789473685,0.4318181818181818,0.5526315789473685,0.5526315789473685,0.5526315789473685,0.8918918918918919,0.5714285714285714,0.7317073170731707,0.7948717948717948,1.0,0.39622641509433965,0.32786885245901637,0.5434782608695652,0.5081967213114754,0.48214285714285715,0.3387096774193548,0.4878048780487805,0.5526315789473685,0.5526315789473685,0.5526315789473685,0.5526315789473685,0.5526315789473685,0.5526315789473685,0.5263157894736842,0.5526315789473685,0.5526315789473685,0.5526315789473685,0.5526315789473685,0.5526315789473685,0.5526315789473685,0.47368421052631576,0.21794871794871795,0.29850746268656714,0.2608695652173913,0.5081967213114754,0.15789473684210525,0.296875,0.3387096774193548,0.5434782608695652
datasets/IR-Plag-Dataset/case-01/plagiarized/L4/06/Level4.java,0.6153846153846154,0.3333333333333333,0.3333333333333333,0.3333333333333333,0.3333333333333333,0.3333333333333333,0.3333333333333333,0.42105263157894735,0.3333333333333333,0.3333333333333333,0.3333333333333333,0.3333333333333333,0.2982456140350877,0.3333333333333333,0.6153846153846154,0.265625,0.5897435897435898,0.6153846153846154,0.5952380952380952,0.6153846153846154,0.6153846153846154,0.6153846153846154,0.4230769230769231,0.3064516129032258,0.5306122448979592,0.2982456140350877,0.39622641509433965,1.0,0.3076923076923077,0.41509433962264153,0.3333333333333333,0.27941176470588236,0.20833333333333334,0.4772727272727273,0.6153846153846154,0.6153846153846154,0.6153846153846154,0.6153846153846154,0.6153846153846154,0.6153846153846154,0.5897435897435898,0.6153846153846154,0.6153846153846154,0.6153846153846154,0.6153846153846154,0.6153846153846154,0.6153846153846154,0.2753623188405797,0.2857142857142857,0.16666666666666666,0.3787878787878788,0.3333333333333333,0.4375,0.38095238095238093,0.20833333333333334,0.41509433962264153
datasets/IR-Plag-Dataset/case-01/plagiarized/L5/03/WelcomeToJava.java,0.37254901960784315,0.27692307692307694,0.27692307692307694,0.27692307692307694,0.27692307692307694,0.27692307692307694,0.27692307692307694,0.2571428571428571,0.27692307692307694,0.27692307692307694,0.27692307692307694,0.27692307692307694,0.24615384615384617,0.27692307692307694,0.37254901960784315,0.2222222222222222,0.35294117647058826,0.37254901960784315,0.27586206896551724,0.37254901960784315,0.37254901960784315,0.37254901960784315,0.35,0.2054794520547945,0.3225806451612903,0.32786885245901637,0.32786885245901637,0.3076923076923077,1.0,0.24242424242424243,0.2716049382716049,0.2876712328767123,0.25333333333333335,0.3090909090909091,0.37254901960784315,0.37254901960784315,0.37254901960784315,0.37254901960784315,0.37254901960784315,0.37254901960784315,0.35294117647058826,0.37254901960784315,0.37254901960784315,0.37254901960784315,0.37254901960784315,0.37254901960784315,0.37254901960784315,0.28378378378378377,0.2926829268292683,0.15294117647058825,0.18072289156626506,0.2716049382716049,0.17857142857142858,0.5409836065573771,0.25333333333333335,0.24242424242424243
datasets/IR-Plag-Dataset/case-01/plagiarized/L5/04/hellow.java,0.3953488372093023,0.21666666666666667,0.21666666666666667,0.21666666666666667,0.21666666666666667,0.21666666666666667,0.21666666666666667,0.2,0.21666666666666667,0.21666666666666667,0.21666666666666667,0.21666666666666667,0.18333333333333332,0.21666666666666667,0.3953488372093023,0.16417910447761194,0.37209302325581395,0.3953488372093023,0.30612244897959184,0.3953488372093023,0.3953488372093023,0.3953488372093023,0.5777777777777777,0.3,0.7560975609756098,0.42,0.5434782608695652,0.41509433962264153,0.24242424242424243,1.0,0.453125,0.3125,0.423728813559322,0.34782608695652173,0.3953488372093023,0.3953488372093023,0.3953488372093023,0.3953488372093023,0.3953488372093023,0.3953488372093023,0.37209302325581395,0.3953488372093023,0.3953488372093023,0.3953488372093023,0.3953488372093023,0.3953488372093023,0.3953488372093023,0.3076923076923077,0.14285714285714285,0.1282051282051282,0.29411764705882354,0.453125,0.3088235294117647,0.2923076923076923,0.423728813559322,1.0
datasets/IR-Plag-Dataset/case-01/plagiarized/L5/05/PrintJava.java,0.3728813559322034,0.5932203389830508,0.5932203389830508,0.5932203389830508,0.5932203389830508,0.5932203389830508,0.5932203389830508,0.5,0.5932203389830508,0.5932203389830508,0.5932203389830508,0.5932203389830508,0.4603174603174603,0.5932203389830508,0.3728813559322034,0.4142857142857143,0.3559322033898305,0.3728813559322034,0.3076923076923077,0.3728813559322034,0.3728813559322034,0.3728813559322034,0.559322033898305,0.33783783783783783,0.453125,0.4153846153846154,0.5081967213114754,0.3333333333333333,0.2716049382716049,0.453125,1.0,0.8421052631578947,0.7213114754098361,0.36065573770491804,0.3728813559322034,0.3728813559322034,0.3728813559322034,0.3728813559322034,0.3728813559322034,0.3728813559322034,0.3559322033898305,0.3728813559322034,0.3728813559322034,0.3728813559322034,0.3728813559322034,0.3728813559322034,0.3728813559322034,0.5588235294117647,0.21875,0.3132530120481928,0.32926829268292684,0.7014925373134329,0.2087912087912088,0.25,0.4788732394366197,0.453125
datasets/IR-Plag-Dataset/case-01/plagiarized/L5/02/Main.java,0.3333333333333333,0.7,0.7,0.7,0.7,0.7,0.7,0.5789473684210527,0.7,0.7,0.7,0.7,0.5370370370370371,0.7,0.3333333333333333,0.47540983606557374,0.3148148148148148,0.3333333333333333,0.26666666666666666,0.3333333333333333,0.3333333333333333,0.3333333333333333,0.5370370370370371,0.30434782608695654,0.423728813559322,0.48214285714285715,0.48214285714285715,0.27941176470588236,0.2876712328767123,0.3125,0.8421052631578947,1.0,0.6842105263157895,0.32142857142857145,0.3333333333333333,0.3333333333333333,0.3333333333333333,0.3333333333333333,0.3333333333333333,0.3333333333333333,0.3148148148148148,0.3333333333333333,0.3333333333333333,0.3333333333333333,0.3333333333333333,0.3333333333333333,0.3333333333333333,0.6440677966101694,0.22727272727272727,0.35135135135135137,0.21951219512195122,0.5671641791044776,0.16091954022988506,0.2631578947368421,0.43283582089552236,0.3125
datasets/IR-Plag-Dataset/case-01/plagiarized/L5/01/L5.java,0.22033898305084745,0.5178571428571429,0.5178571428571429,0.5178571428571429,0.5178571428571429,0.5178571428571429,0.5178571428571429,0.42857142857142855,0.5178571428571429,0.5178571428571429,0.5178571428571429,0.5178571428571429,0.4067796610169492,0.5178571428571429,0.22033898305084745,0.36363636363636365,0.2033898305084746,0.22033898305084745,0.16923076923076924,0.22033898305084745,0.22033898305084745,0.22033898305084745,0.3387096774193548,0.2,0.3125,0.3387096774193548,0.3387096774193548,0.20833333333333334,0.25333333333333335,0.423728813559322,0.7213114754098361,0.6842105263157895,1.0,0.1935483870967742,0.22033898305084745,0.22033898305084745,0.22033898305084745,0.22033898305084745,0.22033898305084745,0.22033898305084745,0.2033898305084746,0.22033898305084745,0.22033898305084745,0.22033898305084745,0.22033898305084745,0.22033898305084745,0.22033898305084745,0.4264705882352941,0.16129032258064516,0.25,0.26582278481012656,0.4788732394366197,0.23170731707317074,0.2,0.6551724137931034,0.423728813559322
datasets/IR-Plag-Dataset/case-01/plagiarized/L2/03/WelcomeToJava.java,0.7241379310344828,0.4,0.4,0.4,0.4,0.4,0.4,0.36,0.4,0.4,0.4,0.4,0.35555555555555557,0.4,0.7241379310344828,0.3076923076923077,0.6896551724137931,0.7241379310344828,0.5882352941176471,0.7241379310344828,0.7241379310344828,0.7241379310344828,0.525,0.3076923076923077,0.5121951219512195,0.35555555555555557,0.4878048780487805,0.4772727272727273,0.3090909090909091,0.34782608695652173,0.36065573770491804,0.32142857142857145,0.1935483870967742,1.0,0.7241379310344828,0.7241379310344828,0.7241379310344828,0.7241379310344828,0.7241379310344828,0.7241379310344828,0.6896551724137931,0.7241379310344828,0.7241379310344828,0.7241379310344828,0.7241379310344828,0.7241379310344828,0.7241379310344828,0.3157894736842105,0.2112676056338028,0.16417910447761194,0.2786885245901639,0.36065573770491804,0.16176470588235295,0.27586206896551724,0.1935483870967742,0.34782608695652173
datasets/IR-Plag-Dataset/case-01/plagiarized/L2/04/hellow.java,1.0,0.4186046511627907,0.4186046511627907,0.4186046511627907,0.4186046511627907,0.4186046511627907,0.4186046511627907,0.375,0.4186046511627907,0.4186046511627907,0.4186046511627907,0.4186046511627907,0.37209302325581395,0.4186046511627907,1.0,0.32,0.9583333333333334,1.0,0.625,1.0,1.0,1.0,0.5945945945945946,0.3469387755102041,0.5789473684210527,0.40476190476190477,0.5526315789473685,0.6153846153846154,0.37254901960784315,0.3953488372093023,0.3728813559322034,0.3333333333333333,0.22033898305084745,0.7241379310344828,1.0,1.0,1.0,1.0,1.0,1.0,0.9583333333333334,1.0,1.0,1.0,1.0,1.0,1.0,0.32727272727272727,0.2537313432835821,0.16923076923076924,0.3103448275862069,0.3728813559322034,0.203125,0.3333333333333333,0.22033898305084745,0.3953488372093023
datasets/IR-Plag-Dataset/case-01/plagiarized/L2/05/PrintJava.java,1.0,0.4186046511627907,0.4186046511627907,0.4186046511627907,0.4186046511627907,0.4186046511627907,0.4186046511627907,0.375,0.4186046511627907,0.4186046511627907,0.4186046511627907,0.4186046511627907,0.37209302325581395,0.4186046511627907,1.0,0.32,0.9583333333333334,1.0,0.625,1.0,1.0,1.0,0.5945945945945946,0.3469387755102041,0.5789473684210527,0.40476190476190477,0.5526315789473685,0.6153846153846154,0.37254901960784315,0.3953488372093023,0.3728813559322034,0.3333333333333333,0.22033898305084745,0.7241379310344828,1.0,1.0,1.0,1.0,1.0,1.0,0.9583333333333334,1.0,1.0,1.0,1.0,1.0,1.0,0.32727272727272727,0.2537313432835821,0.16923076923076924,0.3103448275862069,0.3728813559322034,0.203125,0.3333333333333333,0.22033898305084745,0.3953488372093023
datasets/IR-Plag-Dataset/case-01/plagiarized/L2/02/Main.java,1.0,0.4186046511627907,0.4186046511627907,0.4186046511627907,0.4186046511627907,0.4186046511627907,0.4186046511627907,0.375,0.4186046511627907,0.4186046511627907,0.4186046511627907,0.4186046511627907,0.37209302325581395,0.4186046511627907,1.0,0.32,0.9583333333333334,1.0,0.625,1.0,1.0,1.0,0.5945945945945946,0.3469387755102041,0.5789473684210527,0.40476190476190477,0.5526315789473685,0.6153846153846154,0.37254901960784315,0.3953488372093023,0.3728813559322034,0.3333333333333333,0.22033898305084745,0.7241379310344828,1.0,1.0,1.0,1.0,1.0,1.0,0.9583333333333334,1.0,1.0,1.0,1.0,1.0,1.0,0.32727272727272727,0.2537313432835821,0.16923076923076924,0.3103448275862069,0.3728813559322034,0.203125,0.3333333333333333,0.22033898305084745,0.3953488372093023
datasets/IR-Plag-Dataset/case-01/plagiarized/L2/01/L2.java,1.0,0.4186046511627907,0.4186046511627907,0.4186046511627907,0.4186046511627907,0.4186046511627907,0.4186046511627907,0.375,0.4186046511627907,0.4186046511627907,0.4186046511627907,0.4186046511627907,0.37209302325581395,0.4186046511627907,1.0,0.32,0.9583333333333334,1.0,0.625,1.0,1.0,1.0,0.5945945945945946,0.3469387755102041,0.5789473684210527,0.40476190476190477,0.5526315789473685,0.6153846153846154,0.37254901960784315,0.3953488372093023,0.3728813559322034,0.3333333333333333,0.22033898305084745,0.7241379310344828,1.0,1.0,1.0,1.0,1.0,1.0,0.9583333333333334,1.0,1.0,1.0,1.0,1.0,1.0,0.32727272727272727,0.2537313432835821,0.16923076923076924,0.3103448275862069,0.3728813559322034,0.203125,0.3333333333333333,0.22033898305084745,0.3953488372093023
