,datasets/IR-Plag-Dataset/case-02/original/T2.java,datasets/IR-Plag-Dataset/case-02/non-plagiarized/03/Nomor2_2451041557A22145B3701B0184109CAB013.java,datasets/IR-Plag-Dataset/case-02/non-plagiarized/04/T02.java,datasets/IR-Plag-Dataset/case-02/non-plagiarized/05/T02.java,datasets/IR-Plag-Dataset/case-02/non-plagiarized/02/T02.java,datasets/IR-Plag-Dataset/case-02/non-plagiarized/11/T02.java,datasets/IR-Plag-Dataset/case-02/non-plagiarized/10/Main.java,datasets/IR-Plag-Dataset/case-02/non-plagiarized/07/Main.java,datasets/IR-Plag-Dataset/case-02/non-plagiarized/09/t02.java,datasets/IR-Plag-Dataset/case-02/non-plagiarized/08/T02.java,datasets/IR-Plag-Dataset/case-02/non-plagiarized/01/T02.java,datasets/IR-Plag-Dataset/case-02/non-plagiarized/06/T02.java,datasets/IR-Plag-Dataset/case-02/non-plagiarized/15/T02.java,datasets/IR-Plag-Dataset/case-02/non-plagiarized/12/T02.java,datasets/IR-Plag-Dataset/case-02/non-plagiarized/13/No2.java,datasets/IR-Plag-Dataset/case-02/non-plagiarized/14/Soal2.java,datasets/IR-Plag-Dataset/case-02/plagiarized/L3/03/Main.java,datasets/IR-Plag-Dataset/case-02/plagiarized/L3/04/Kasus2.java,datasets/IR-Plag-Dataset/case-02/plagiarized/L3/05/inputoutput.java,datasets/IR-Plag-Dataset/case-02/plagiarized/L3/02/Main.java,datasets/IR-Plag-Dataset/case-02/plagiarized/L3/07/Main.java,datasets/IR-Plag-Dataset/case-02/plagiarized/L3/09/Level3.java,datasets/IR-Plag-Dataset/case-02/plagiarized/L3/08/Kasus2L3.java,datasets/IR-Plag-Dataset/case-02/plagiarized/L3/01/L3.java,datasets/IR-Plag-Dataset/case-02/plagiarized/L3/06/inout.java,datasets/IR-Plag-Dataset/case-02/plagiarized/L4/03/Main.java,datasets/IR-Plag-Dataset/case-02/plagiarized/L4/04/Kasus2.java,datasets/IR-Plag-Dataset/case-02/plagiarized/L4/05/inputoutput.java,datasets/IR-Plag-Dataset/case-02/plagiarized/L4/02/Main.java,datasets/IR-Plag-Dataset/case-02/plagiarized/L4/07/Main.java,datasets/IR-Plag-Dataset/case-02/plagiarized/L4/09/Level4.java,datasets/IR-Plag-Dataset/case-02/plagiarized/L4/08/Kasus2L4.java,datasets/IR-Plag-Dataset/case-02/plagiarized/L4/01/L4.java,datasets/IR-Plag-Dataset/case-02/plagiarized/L4/06/inout.java,datasets/IR-Plag-Dataset/case-02/plagiarized/L5/03/Main.java,datasets/IR-Plag-Dataset/case-02/plagiarized/L5/04/Kasus2.java,datasets/IR-Plag-Dataset/case-02/plagiarized/L5/05/inputoutput.java,datasets/IR-Plag-Dataset/case-02/plagiarized/L5/02/Main.java,datasets/IR-Plag-Dataset/case-02/plagiarized/L5/07/Main.java,datasets/IR-Plag-Dataset/case-02/plagiarized/L5/09/Level5.java,datasets/IR-Plag-Dataset/case-02/plagiarized/L5/08/Kasus2L5.java,datasets/IR-Plag-Dataset/case-02/plagiarized/L5/01/L5.java,datasets/IR-Plag-Dataset/case-02/plagiarized/L5/06/inout.java,datasets/IR-Plag-Dataset/case-02/plagiarized/L2/03/Main.java,datasets/IR-Plag-Dataset/case-02/plagiarized/L2/04/Kasus2.java,datasets/IR-Plag-Dataset/case-02/plagiarized/L2/05/inputoutput.java,datasets/IR-Plag-Dataset/case-02/plagiarized/L2/02/Main.java,datasets/IR-Plag-Dataset/case-02/plagiarized/L2/07/Main.java,datasets/IR-Plag-Dataset/case-02/plagiarized/L2/09/Level2.java,datasets/IR-Plag-Dataset/case-02/plagiarized/L2/08/Kasus2L2.java,datasets/IR-Plag-Dataset/case-02/plagiarized/L2/01/L2.java,datasets/IR-Plag-Dataset/case-02/plagiarized/L2/06/inout.java,datasets/IR-Plag-Dataset/case-02/plagiarized/L1/03/Main.java,datasets/IR-Plag-Dataset/case-02/plagiarized/L1/04/Kasus2.java,datasets/IR-Plag-Dataset/case-02/plagiarized/L1/05/inputoutput.java,datasets/IR-Plag-Dataset/case-02/plagiarized/L1/02/Main.java,datasets/IR-Plag-Dataset/case-02/plagiarized/L1/07/Main.java,datasets/IR-Plag-Dataset/case-02/plagiarized/L1/09/Level1.java,datasets/IR-Plag-Dataset/case-02/plagiarized/L1/08/Kasus2L1.java,datasets/IR-Plag-Dataset/case-02/plagiarized/L1/01/L1.java,datasets/IR-Plag-Dataset/case-02/plagiarized/L1/06/inputoutput.java,datasets/IR-Plag-Dataset/case-02/plagiarized/L6/03/Main.java,datasets/IR-Plag-Dataset/case-02/plagiarized/L6/04/Kasus2.java,datasets/IR-Plag-Dataset/case-02/plagiarized/L6/05/inputoutput.java,datasets/IR-Plag-Dataset/case-02/plagiarized/L6/02/Main.java,datasets/IR-Plag-Dataset/case-02/plagiarized/L6/07/Main.java,datasets/IR-Plag-Dataset/case-02/plagiarized/L6/09/Level6.java,datasets/IR-Plag-Dataset/case-02/plagiarized/L6/08/Kasus2L6.java,datasets/IR-Plag-Dataset/case-02/plagiarized/L6/01/L6.java,datasets/IR-Plag-Dataset/case-02/plagiarized/L6/06/inout.java
datasets/IR-Plag-Dataset/case-02/original/T2.java,1.0,0.98989898989899,0.8484848484848485,0.7272727272727273,0.8333333333333334,0.7457627118644068,0.9090909090909091,0.8979591836734694,0.7763713080168776,0.9556650246305419,0.9178743961352657,0.9607843137254902,0.9353233830845771,1.0,0.9353233830845771,0.70995670995671,0.8374384236453202,1.0,0.8712871287128713,0.8867924528301887,1.0,0.9411764705882353,0.7959183673469388,0.912621359223301,0.9353233830845771,0.7906976744186046,0.7192982456140351,0.6991150442477876,0.6844106463878327,0.6949152542372882,0.6949152542372882,0.6437768240343348,0.691358024691358,0.7563025210084033,0.7906976744186046,0.7922705314009661,0.6755555555555556,0.6104417670682731,0.602510460251046,0.8609865470852018,0.6206896551724138,0.7302904564315352,0.7563025210084033,1.0,0.8,0.9846153846153847,1.0,1.0,1.0,0.9795918367346939,0.9897959183673469,1.0,1.0,1.0,1.0,1.0,1.0,1.0,1.0,0.9797979797979798,1.0,0.7906976744186046,0.845360824742268,0.6320346320346321,0.6104417670682731,0.5901639344262295,0.7400881057268722,0.6343612334801763,0.6616541353383458,0.7659574468085106
datasets/IR-Plag-Dataset/case-02/non-plagiarized/03/Nomor2_2451041557A22145B3701B0184109CAB013.java,0.98989898989899,1.0,0.8412017167381974,0.6695278969957081,0.8247422680412371,0.7394957983193278,0.9,0.8888888888888888,0.7531380753138075,0.9658536585365853,0.9090909090909091,0.9514563106796117,0.9261083743842364,0.98989898989899,0.9261083743842364,0.703862660944206,0.8292682926829268,0.98989898989899,0.8627450980392157,0.8785046728971962,0.98989898989899,0.9320388349514563,0.7878787878787878,0.8269230769230769,0.9261083743842364,0.783410138248848,0.7130434782608696,0.6929824561403509,0.6415094339622641,0.6890756302521008,0.6890756302521008,0.6468085106382979,0.6938775510204082,0.7083333333333334,0.783410138248848,0.784688995215311,0.6696035242290749,0.6055776892430279,0.5975103734439834,0.8533333333333334,0.6153846153846154,0.6831275720164609,0.7083333333333334,0.98989898989899,0.8016877637130801,0.9746192893401016,0.98989898989899,0.98989898989899,0.98989898989899,0.8888888888888888,0.9797979797979798,0.98989898989899,0.98989898989899,0.98989898989899,0.98989898989899,0.98989898989899,0.98989898989899,0.98989898989899,0.98989898989899,0.97,0.98989898989899,0.783410138248848,0.8367346938775511,0.6266094420600858,0.6055776892430279,0.5853658536585366,0.7336244541484717,0.62882096069869,0.6194029850746269,0.7679324894514767
datasets/IR-Plag-Dataset/case-02/non-plagiarized/04/T02.java,0.8484848484848485,0.8412017167381974,1.0,0.6390977443609023,0.6431718061674009,0.9077490774907749,0.8412017167381974,0.7619047619047619,0.9264705882352942,0.8319327731092437,0.8181818181818182,0.8200836820083682,0.7966101694915254,0.8484848484848485,0.7966101694915254,0.7443609022556391,0.7142857142857143,0.8484848484848485,0.7510548523206751,0.7611336032388664,0.8484848484848485,0.803347280334728,0.7186147186147186,0.7883817427385892,0.7966101694915254,0.68,0.6692015209125475,0.6053639846743295,0.5838926174496645,0.6494464944649446,0.6568265682656826,0.5149253731343284,0.6115107913669064,0.6373626373626373,0.68,0.7272727272727273,0.5846153846153846,0.6549295774647887,0.6496350364963503,0.7441860465116279,0.5393258426966292,0.6739130434782609,0.6373626373626373,0.8484848484848485,0.674074074074074,0.8347826086956521,0.8484848484848485,0.8484848484848485,0.8484848484848485,0.8311688311688312,0.8398268398268398,0.8484848484848485,0.8484848484848485,0.8484848484848485,0.8484848484848485,0.8484848484848485,0.8484848484848485,0.8484848484848485,0.8484848484848485,0.8412017167381974,0.8484848484848485,0.68,0.759825327510917,0.5488721804511278,0.6549295774647887,0.6379928315412187,0.7557251908396947,0.5572519083969466,0.6179401993355482,0.725925925925926
datasets/IR-Plag-Dataset/case-02/non-plagiarized/05/T02.java,0.7272727272727273,0.6695278969957081,0.6390977443609023,1.0,0.7312775330396476,0.7232472324723247,0.6866952789699571,0.6493506493506493,0.7205882352941176,0.6638655462184874,0.6115702479338843,0.7280334728033473,0.711864406779661,0.7272727272727273,0.711864406779661,0.7443609022556391,0.6302521008403361,0.7272727272727273,0.70042194092827,0.680161943319838,0.7272727272727273,0.702928870292887,0.6926406926406926,0.6556016597510373,0.711864406779661,0.6,0.6615969581749049,0.5134099616858238,0.5973154362416108,0.6715867158671587,0.6863468634686347,0.6865671641791045,0.5755395683453237,0.6959706959706959,0.6,0.71900826446281,0.5153846153846153,0.6619718309859155,0.6642335766423357,0.6589147286821705,0.599250936329588,0.5797101449275363,0.6959706959706959,0.7272727272727273,0.6592592592592592,0.7130434782608696,0.7272727272727273,0.7272727272727273,0.7272727272727273,0.683982683982684,0.7186147186147186,0.7272727272727273,0.7272727272727273,0.7272727272727273,0.7272727272727273,0.7272727272727273,0.7272727272727273,0.7272727272727273,0.7272727272727273,0.7811158798283262,0.7272727272727273,0.6,0.7248908296943232,0.48120300751879697,0.6619718309859155,0.6451612903225806,0.7175572519083969,0.5877862595419847,0.53156146179402,0.6814814814814815
datasets/IR-Plag-Dataset/case-02/non-plagiarized/02/T02.java,0.8333333333333334,0.8247422680412371,0.6431718061674009,0.7312775330396476,1.0,0.7241379310344828,0.7319587628865979,0.625,0.721030042918455,0.6934673366834171,0.7783251231527094,0.69,0.700507614213198,0.71875,0.700507614213198,0.8105726872246696,0.6030150753768844,0.71875,0.6767676767676768,0.6634615384615384,0.71875,0.69,0.7604166666666666,0.6732673267326733,0.700507614213198,0.5687203791469194,0.75,0.5315315315315315,0.6177606177606177,0.7586206896551724,0.7586206896551724,0.6375545851528385,0.5690376569037657,0.717948717948718,0.5687203791469194,0.8374384236453202,0.5339366515837104,0.6857142857142857,0.7489361702127659,0.6301369863013698,0.7105263157894737,0.5738396624472574,0.717948717948718,0.71875,0.6926406926406926,0.7015706806282722,0.71875,0.71875,0.71875,0.8541666666666666,0.7083333333333334,0.71875,0.71875,0.71875,0.71875,0.71875,0.71875,0.71875,0.71875,0.8247422680412371,0.71875,0.5687203791469194,0.9473684210526315,0.4933920704845815,0.6857142857142857,0.725,0.6636771300448431,0.7085201793721974,0.5190839694656488,0.7186147186147186
datasets/IR-Plag-Dataset/case-02/non-plagiarized/11/T02.java,0.7457627118644068,0.7394957983193278,0.9077490774907749,0.7232472324723247,0.7241379310344828,1.0,0.7563025210084033,0.6694915254237288,0.9314079422382672,0.7160493827160493,0.7125506072874493,0.7213114754098361,0.8049792531120332,0.7457627118644068,0.7302904564315352,0.6642066420664207,0.6502057613168725,0.7457627118644068,0.7520661157024794,0.746031746031746,0.7457627118644068,0.7704918032786885,0.6779661016949152,0.7723577235772358,0.7302904564315352,0.6352941176470588,0.6417910447761194,0.5488721804511278,0.6600660066006601,0.6231884057971014,0.6304347826086957,0.5934065934065934,0.6219081272084805,0.6762589928057554,0.6352941176470588,0.6963562753036437,0.5509433962264151,0.6920415224913494,0.6164874551971327,0.7072243346007605,0.49264705882352944,0.6405693950177936,0.6762589928057554,0.7457627118644068,0.6836363636363636,0.7319148936170212,0.7457627118644068,0.7457627118644068,0.7457627118644068,0.7457627118644068,0.7372881355932204,0.7457627118644068,0.7457627118644068,0.7457627118644068,0.7457627118644068,0.7457627118644068,0.7457627118644068,0.7457627118644068,0.7457627118644068,0.7899159663865546,0.7457627118644068,0.6352941176470588,0.7094017094017094,0.5166051660516605,0.6920415224913494,0.6056338028169014,0.7415730337078652,0.5168539325842697,0.5882352941176471,0.6836363636363636
datasets/IR-Plag-Dataset/case-02/non-plagiarized/10/Main.java,0.9090909090909091,0.9,0.8412017167381974,0.6866952789699571,0.7319587628865979,0.7563025210084033,1.0,0.8282828282828283,0.7698744769874477,0.8780487804878049,0.8325358851674641,0.8737864077669902,0.8669950738916257,0.9090909090909091,0.8669950738916257,0.6781115879828327,0.7707317073170732,0.9090909090909091,0.8529411764705882,0.822429906542056,0.9090909090909091,0.8640776699029126,0.8181818181818182,0.8365384615384616,0.8669950738916257,0.728110599078341,0.6173913043478261,0.6228070175438597,0.6490566037735849,0.5966386554621849,0.5966386554621849,0.6553191489361702,0.6938775510204082,0.7166666666666667,0.728110599078341,0.6889952153110048,0.6255506607929515,0.6135458167330677,0.6058091286307054,0.7911111111111111,0.5982905982905983,0.691358024691358,0.7166666666666667,0.9090909090909091,0.7426160337552743,0.8934010152284264,0.9090909090909091,0.9090909090909091,0.9090909090909091,0.898989898989899,0.898989898989899,0.9090909090909091,0.9090909090909091,0.9090909090909091,0.9090909090909091,0.9090909090909091,0.9090909090909091,0.9090909090909091,0.9090909090909091,0.83,0.9090909090909091,0.728110599078341,0.8469387755102041,0.5836909871244635,0.6135458167330677,0.5934959349593496,0.74235807860262,0.6200873362445415,0.6268656716417911,0.6751054852320675
datasets/IR-Plag-Dataset/case-02/non-plagiarized/07/Main.java,0.8979591836734694,0.8888888888888888,0.7619047619047619,0.6493506493506493,0.625,0.6694915254237288,0.8282828282828283,1.0,0.6919831223628692,0.8571428571428571,0.821256038647343,0.8627450980392157,0.845771144278607,0.8979591836734694,0.8756218905472637,0.5887445887445888,0.9261083743842364,0.8979591836734694,0.8514851485148515,0.8113207547169812,0.8979591836734694,0.8529411764705882,0.8775510204081632,0.8349514563106796,0.8756218905472637,0.8744186046511628,0.5350877192982456,0.6460176991150443,0.623574144486692,0.5169491525423728,0.5169491525423728,0.7381974248927039,0.6748971193415638,0.7058823529411765,0.8744186046511628,0.5893719806763285,0.5866666666666667,0.5783132530120482,0.5104602510460251,0.7802690582959642,0.7155172413793104,0.6556016597510373,0.7058823529411765,0.8979591836734694,0.7148936170212766,0.882051282051282,0.8979591836734694,0.8979591836734694,0.8979591836734694,0.8877551020408163,0.8877551020408163,0.8979591836734694,0.8979591836734694,0.8979591836734694,0.8979591836734694,0.8979591836734694,0.8979591836734694,0.8979591836734694,0.8979591836734694,0.8787878787878788,0.8979591836734694,0.8744186046511628,0.7422680412371134,0.5714285714285714,0.5783132530120482,0.5,0.7048458149779736,0.7312775330396476,0.6090225563909775,0.7148936170212766
datasets/IR-Plag-Dataset/case-02/non-plagiarized/09/t02.java,0.7763713080168776,0.7531380753138075,0.9264705882352942,0.7205882352941176,0.721030042918455,0.9314079422382672,0.7698744769874477,0.6919831223628692,1.0,0.7459016393442623,0.7419354838709677,0.7836734693877551,0.7272727272727273,0.7763713080168776,0.7272727272727273,0.7279411764705882,0.6475409836065574,0.7763713080168776,0.6748971193415638,0.6956521739130435,0.7763713080168776,0.7346938775510204,0.6582278481012658,0.7368421052631579,0.7272727272727273,0.6328125,0.654275092936803,0.5318352059925093,0.618421052631579,0.6353790613718412,0.6425992779783394,0.5766423357664233,0.5845070422535211,0.6738351254480287,0.6328125,0.7096774193548387,0.5263157894736842,0.6413793103448275,0.6357142857142857,0.7121212121212122,0.5128205128205128,0.5815602836879432,0.6738351254480287,0.7763713080168776,0.7028985507246377,0.7627118644067796,0.7763713080168776,0.7763713080168776,0.7763713080168776,0.759493670886076,0.7679324894514767,0.7763713080168776,0.7763713080168776,0.7763713080168776,0.7763713080168776,0.7763713080168776,0.7763713080168776,0.7763713080168776,0.7763713080168776,0.8200836820083682,0.7763713080168776,0.6328125,0.723404255319149,0.49264705882352944,0.6413793103448275,0.624561403508772,0.6865671641791045,0.5223880597014925,0.5342019543973942,0.6521739130434783
datasets/IR-Plag-Dataset/case-02/non-plagiarized/08/T02.java,0.9556650246305419,0.9658536585365853,0.8319327731092437,0.6638655462184874,0.6934673366834171,0.7160493827160493,0.8780487804878049,0.8571428571428571,0.7459016393442623,1.0,0.8785046728971962,0.9383886255924171,0.8942307692307693,0.9556650246305419,0.8942307692307693,0.6890756302521008,0.8,0.9556650246305419,0.8133971291866029,0.8493150684931506,0.9556650246305419,0.9004739336492891,0.7783251231527094,0.7981220657276995,0.8942307692307693,0.7567567567567568,0.6978723404255319,0.6781115879828327,0.6666666666666666,0.6748971193415638,0.6748971193415638,0.6333333333333333,0.696,0.7346938775510204,0.7567567567567568,0.7663551401869159,0.6551724137931034,0.59375,0.5934959349593496,0.8434782608695652,0.6527196652719666,0.7096774193548387,0.7346938775510204,0.9556650246305419,0.768595041322314,0.9405940594059405,0.9556650246305419,0.9556650246305419,0.9556650246305419,0.8571428571428571,0.9458128078817734,0.9556650246305419,0.9556650246305419,0.9556650246305419,0.9556650246305419,0.9556650246305419,0.9556650246305419,0.9556650246305419,0.9556650246305419,0.9365853658536586,0.9556650246305419,0.7567567567567568,0.8159203980099502,0.7394957983193278,0.59375,0.5976095617529881,0.7264957264957265,0.6666666666666666,0.6446886446886447,0.7851239669421488
datasets/IR-Plag-Dataset/case-02/non-plagiarized/01/T02.java,0.9178743961352657,0.9090909090909091,0.8181818181818182,0.6115702479338843,0.7783251231527094,0.7125506072874493,0.8325358851674641,0.821256038647343,0.7419354838709677,0.8785046728971962,1.0,0.8837209302325582,0.8584905660377359,0.9178743961352657,0.8584905660377359,0.6942148760330579,0.7663551401869159,0.9178743961352657,0.7981220657276995,0.8161434977578476,0.9178743961352657,0.8651162790697674,0.7536231884057971,0.847926267281106,0.8584905660377359,0.6548672566371682,0.6694560669456067,0.6413502109704642,0.583941605839416,0.6477732793522267,0.631578947368421,0.6475409836065574,0.5826771653543307,0.642570281124498,0.6548672566371682,0.7155963302752294,0.6186440677966102,0.6461538461538462,0.64,0.7948717948717948,0.6255144032921811,0.626984126984127,0.642570281124498,0.9178743961352657,0.6829268292682927,0.9029126213592233,0.9178743961352657,0.9178743961352657,0.9178743961352657,0.8985507246376812,0.9082125603864735,0.9178743961352657,0.9178743961352657,0.9178743961352657,0.9178743961352657,0.9178743961352657,0.9178743961352657,0.9178743961352657,0.9178743961352657,0.9282296650717703,0.9178743961352657,0.6548672566371682,0.8,0.5785123966942148,0.6461538461538462,0.6274509803921569,0.7058823529411765,0.5798319327731093,0.5703971119133574,0.7479674796747967
datasets/IR-Plag-Dataset/case-02/non-plagiarized/06/T02.java,0.9607843137254902,0.9514563106796117,0.8200836820083682,0.7280334728033473,0.69,0.7213114754098361,0.8737864077669902,0.8627450980392157,0.7836734693877551,0.9383886255924171,0.8837209302325582,1.0,0.8995215311004785,0.9607843137254902,0.8995215311004785,0.6861924686192469,0.8056872037914692,0.9607843137254902,0.8380952380952381,0.8545454545454545,0.9607843137254902,0.9056603773584906,0.803921568627451,0.8037383177570093,0.8995215311004785,0.7623318385650224,0.6949152542372882,0.6752136752136753,0.6715867158671587,0.6721311475409836,0.6721311475409836,0.6224066390041494,0.6693227091633466,0.7398373983739838,0.7623318385650224,0.7627906976744186,0.6523605150214592,0.5914396887159533,0.5910931174089069,0.8658008658008658,0.6333333333333333,0.714859437751004,0.7398373983739838,0.9607843137254902,0.7818930041152263,0.9458128078817734,0.9607843137254902,0.9607843137254902,0.9607843137254902,0.8627450980392157,0.9509803921568627,0.9607843137254902,0.9607843137254902,0.9607843137254902,0.9607843137254902,0.9607843137254902,0.9607843137254902,0.9607843137254902,0.9607843137254902,0.941747572815534,0.9607843137254902,0.7623318385650224,0.8118811881188119,0.6108786610878661,0.5914396887159533,0.5793650793650794,0.7148936170212766,0.6468085106382979,0.6496350364963503,0.7160493827160493
datasets/IR-Plag-Dataset/case-02/non-plagiarized/15/T02.java,0.9353233830845771,0.9261083743842364,0.7966101694915254,0.711864406779661,0.700507614213198,0.8049792531120332,0.8669950738916257,0.845771144278607,0.7272727272727273,0.8942307692307693,0.8584905660377359,0.8995215311004785,1.0,0.9353233830845771,0.912621359223301,0.6271186440677966,0.8173076923076923,0.9353233830845771,0.9371980676328503,0.9216589861751152,0.9353233830845771,0.9569377990430622,0.736318407960199,0.9289099526066351,0.912621359223301,0.7727272727272727,0.592274678111588,0.683982683982684,0.7164179104477612,0.5726141078838174,0.5726141078838174,0.6386554621848739,0.7580645161290323,0.7407407407407407,0.7727272727272727,0.6509433962264151,0.6869565217391305,0.6535433070866141,0.6557377049180327,0.868421052631579,0.5907172995780591,0.7804878048780488,0.7407407407407407,0.9353233830845771,0.75,0.92,0.9353233830845771,0.9353233830845771,0.9353233830845771,0.9353233830845771,0.9253731343283582,0.9353233830845771,0.9353233830845771,0.9353233830845771,0.9353233830845771,0.9353233830845771,0.9353233830845771,0.9353233830845771,0.9353233830845771,0.916256157635468,0.9353233830845771,0.7727272727272727,0.8040201005025126,0.6440677966101694,0.6535433070866141,0.642570281124498,0.7844827586206896,0.603448275862069,0.7084870848708487,0.7583333333333333
datasets/IR-Plag-Dataset/case-02/non-plagiarized/12/T02.java,1.0,0.98989898989899,0.8484848484848485,0.7272727272727273,0.71875,0.7457627118644068,0.9090909090909091,0.8979591836734694,0.7763713080168776,0.9556650246305419,0.9178743961352657,0.9607843137254902,0.9353233830845771,1.0,0.9353233830845771,0.70995670995671,0.8374384236453202,1.0,0.8712871287128713,0.8867924528301887,1.0,0.9411764705882353,0.7959183673469388,0.912621359223301,0.9353233830845771,0.7906976744186046,0.7192982456140351,0.6991150442477876,0.6844106463878327,0.6949152542372882,0.6949152542372882,0.6437768240343348,0.691358024691358,0.7563025210084033,0.7906976744186046,0.7922705314009661,0.6755555555555556,0.6104417670682731,0.602510460251046,0.8609865470852018,0.6206896551724138,0.7302904564315352,0.7563025210084033,1.0,0.8,0.9846153846153847,1.0,1.0,1.0,0.9795918367346939,0.9897959183673469,1.0,1.0,1.0,1.0,1.0,1.0,1.0,1.0,0.9797979797979798,1.0,0.7906976744186046,0.845360824742268,0.6320346320346321,0.6104417670682731,0.5901639344262295,0.7400881057268722,0.6343612334801763,0.6616541353383458,0.7659574468085106
datasets/IR-Plag-Dataset/case-02/non-plagiarized/13/No2.java,0.9353233830845771,0.9261083743842364,0.7966101694915254,0.711864406779661,0.700507614213198,0.7302904564315352,0.8669950738916257,0.8756218905472637,0.7272727272727273,0.8942307692307693,0.8584905660377359,0.8995215311004785,0.912621359223301,0.9353233830845771,1.0,0.5847457627118644,0.8461538461538461,0.9353233830845771,0.8888888888888888,0.8663594470046083,0.9353233830845771,0.8995215311004785,0.7661691542288557,0.8720379146919431,1.0,0.8,0.592274678111588,0.683982683982684,0.6716417910447762,0.5726141078838174,0.5726141078838174,0.6638655462184874,0.7096774193548387,0.8148148148148148,0.8,0.6509433962264151,0.6869565217391305,0.5984251968503937,0.6557377049180327,0.8245614035087719,0.6075949367088608,0.7154471544715447,0.8148148148148148,0.9353233830845771,0.75,0.92,0.9353233830845771,0.9353233830845771,0.9353233830845771,0.9353233830845771,0.9253731343283582,0.9353233830845771,0.9353233830845771,0.9353233830845771,0.9353233830845771,0.9353233830845771,0.9353233830845771,0.9353233830845771,0.9353233830845771,0.916256157635468,0.9353233830845771,0.8,0.8040201005025126,0.6694915254237288,0.5984251968503937,0.642570281124498,0.7413793103448276,0.6206896551724138,0.6494464944649446,0.8
datasets/IR-Plag-Dataset/case-02/non-plagiarized/14/Soal2.java,0.70995670995671,0.703862660944206,0.7443609022556391,0.7443609022556391,0.8105726872246696,0.6642066420664207,0.6781115879828327,0.5887445887445888,0.7279411764705882,0.6890756302521008,0.6942148760330579,0.6861924686192469,0.6271186440677966,0.70995670995671,0.5847457627118644,1.0,0.5546218487394958,0.70995670995671,0.5907172995780591,0.631578947368421,0.70995670995671,0.7531380753138075,0.70995670995671,0.6390041493775933,0.5847457627118644,0.528,0.6768060836501901,0.5517241379310345,0.5973154362416108,0.6937269372693727,0.7011070110701108,0.6791044776119403,0.5539568345323741,0.6373626373626373,0.528,0.743801652892562,0.5538461538461539,0.6408450704225352,0.6788321167883211,0.5581395348837209,0.6367041198501873,0.5,0.6373626373626373,0.70995670995671,0.6222222222222222,0.6956521739130435,0.70995670995671,0.70995670995671,0.70995670995671,0.5974025974025974,0.7012987012987013,0.70995670995671,0.70995670995671,0.70995670995671,0.70995670995671,0.70995670995671,0.70995670995671,0.70995670995671,0.70995670995671,0.7124463519313304,0.70995670995671,0.528,0.8034934497816594,0.518796992481203,0.6408450704225352,0.6666666666666666,0.6106870229007634,0.6183206106870229,0.4584717607973422,0.6370370370370371
datasets/IR-Plag-Dataset/case-02/plagiarized/L3/03/Main.java,0.8374384236453202,0.8292682926829268,0.7142857142857143,0.6302521008403361,0.6030150753768844,0.6502057613168725,0.7707317073170732,0.9261083743842364,0.6475409836065574,0.8,0.7663551401869159,0.8056872037914692,0.8173076923076923,0.8374384236453202,0.8461538461538461,0.5546218487394958,1.0,0.8374384236453202,0.7942583732057417,0.776255707762557,0.8374384236453202,0.8056872037914692,0.8177339901477833,0.7793427230046949,0.8269230769230769,0.9459459459459459,0.5787234042553191,0.7296137339055794,0.6592592592592592,0.49382716049382713,0.49382716049382713,0.7083333333333334,0.696,0.6693877551020408,0.9459459459459459,0.6261682242990654,0.7327586206896551,0.5859375,0.5772357723577236,0.7391304347826086,0.6694560669456067,0.7016129032258065,0.6693877551020408,0.8374384236453202,0.7355371900826446,0.8217821782178217,0.8374384236453202,0.8374384236453202,0.8374384236453202,0.8374384236453202,0.8275862068965517,0.8374384236453202,0.8374384236453202,0.8374384236453202,0.8374384236453202,0.8374384236453202,0.8374384236453202,0.8374384236453202,0.8374384236453202,0.8195121951219512,0.8374384236453202,0.9459459459459459,0.7064676616915423,0.6386554621848739,0.5859375,0.5657370517928287,0.6581196581196581,0.6837606837606838,0.6373626373626373,0.7024793388429752
datasets/IR-Plag-Dataset/case-02/plagiarized/L3/04/Kasus2.java,1.0,0.98989898989899,0.8484848484848485,0.7272727272727273,0.71875,0.7457627118644068,0.9090909090909091,0.8979591836734694,0.7763713080168776,0.9556650246305419,0.9178743961352657,0.9607843137254902,0.9353233830845771,1.0,0.9353233830845771,0.70995670995671,0.8374384236453202,1.0,0.8712871287128713,0.8867924528301887,1.0,0.9411764705882353,0.7959183673469388,0.912621359223301,0.9353233830845771,0.7906976744186046,0.7192982456140351,0.6991150442477876,0.6844106463878327,0.6949152542372882,0.6949152542372882,0.6437768240343348,0.691358024691358,0.7563025210084033,0.7906976744186046,0.7922705314009661,0.6755555555555556,0.6104417670682731,0.602510460251046,0.8609865470852018,0.6206896551724138,0.7302904564315352,0.7563025210084033,1.0,0.8,0.9846153846153847,1.0,1.0,1.0,0.9795918367346939,0.9897959183673469,1.0,1.0,1.0,1.0,1.0,1.0,1.0,1.0,0.9797979797979798,1.0,0.7906976744186046,0.845360824742268,0.6320346320346321,0.6104417670682731,0.5901639344262295,0.7400881057268722,0.6343612334801763,0.6616541353383458,0.7659574468085106
datasets/IR-Plag-Dataset/case-02/plagiarized/L3/05/inputoutput.java,0.8712871287128713,0.8627450980392157,0.7510548523206751,0.70042194092827,0.6767676767676768,0.7520661157024794,0.8529411764705882,0.8514851485148515,0.6748971193415638,0.8133971291866029,0.7981220657276995,0.8380952380952381,0.9371980676328503,0.8712871287128713,0.8888888888888888,0.5907172995780591,0.7942583732057417,0.8712871287128713,1.0,0.8807339449541285,0.8712871287128713,0.8380952380952381,0.7425742574257426,0.9245283018867925,0.8888888888888888,0.751131221719457,0.5726495726495726,0.7155172413793104,0.6691449814126395,0.5537190082644629,0.5537190082644629,0.6276150627615062,0.7309236947791165,0.7049180327868853,0.751131221719457,0.6291079812206573,0.7272727272727273,0.6196078431372549,0.636734693877551,0.8733624454148472,0.5714285714285714,0.7368421052631579,0.7049180327868853,0.8712871287128713,0.6970954356846473,0.8855721393034826,0.8712871287128713,0.8712871287128713,0.8712871287128713,0.9306930693069307,0.8811881188118812,0.8712871287128713,0.8712871287128713,0.8712871287128713,0.8712871287128713,0.8712871287128713,0.8712871287128713,0.8712871287128713,0.8712871287128713,0.8529411764705882,0.8712871287128713,0.751131221719457,0.76,0.6751054852320675,0.6196078431372549,0.624,0.7467811158798283,0.5836909871244635,0.6691176470588235,0.7302904564315352
datasets/IR-Plag-Dataset/case-02/plagiarized/L3/02/Main.java,0.8867924528301887,0.8785046728971962,0.7611336032388664,0.680161943319838,0.6634615384615384,0.746031746031746,0.822429906542056,0.8113207547169812,0.6956521739130435,0.8493150684931506,0.8161434977578476,0.8545454545454545,0.9216589861751152,0.8867924528301887,0.8663594470046083,0.631578947368421,0.776255707762557,0.8867924528301887,0.8807339449541285,1.0,0.8867924528301887,0.9454545454545454,0.7075471698113207,0.918918918918919,0.8663594470046083,0.7359307359307359,0.5655737704918032,0.6528925619834711,0.7885304659498208,0.5476190476190477,0.5476190476190477,0.6104417670682731,0.7567567567567568,0.7086614173228346,0.7359307359307359,0.6188340807174888,0.6556016597510373,0.6113207547169811,0.6274509803921569,0.8200836820083682,0.6048387096774194,0.7470817120622568,0.7086614173228346,0.8867924528301887,0.7171314741035857,0.8720379146919431,0.8867924528301887,0.8867924528301887,0.8867924528301887,0.8867924528301887,0.8773584905660378,0.8867924528301887,0.8867924528301887,0.8867924528301887,0.8867924528301887,0.8867924528301887,0.8867924528301887,0.8867924528301887,0.8867924528301887,0.8691588785046729,0.8867924528301887,0.7359307359307359,0.7619047619047619,0.6153846153846154,0.6113207547169811,0.6153846153846154,0.7407407407407407,0.6172839506172839,0.7375886524822695,0.7250996015936255
datasets/IR-Plag-Dataset/case-02/plagiarized/L3/07/Main.java,1.0,0.98989898989899,0.8484848484848485,0.7272727272727273,0.71875,0.7457627118644068,0.9090909090909091,0.8979591836734694,0.7763713080168776,0.9556650246305419,0.9178743961352657,0.9607843137254902,0.9353233830845771,1.0,0.9353233830845771,0.70995670995671,0.8374384236453202,1.0,0.8712871287128713,0.8867924528301887,1.0,0.9411764705882353,0.7959183673469388,0.912621359223301,0.9353233830845771,0.7906976744186046,0.7192982456140351,0.6991150442477876,0.6844106463878327,0.6949152542372882,0.6949152542372882,0.6437768240343348,0.691358024691358,0.7563025210084033,0.7906976744186046,0.7922705314009661,0.6755555555555556,0.6104417670682731,0.602510460251046,0.8609865470852018,0.6206896551724138,0.7302904564315352,0.7563025210084033,1.0,0.8,0.9846153846153847,1.0,1.0,1.0,0.9795918367346939,0.9897959183673469,1.0,1.0,1.0,1.0,1.0,1.0,1.0,1.0,0.9797979797979798,1.0,0.7906976744186046,0.845360824742268,0.6320346320346321,0.6104417670682731,0.5901639344262295,0.7400881057268722,0.6343612334801763,0.6616541353383458,0.7659574468085106
datasets/IR-Plag-Dataset/case-02/plagiarized/L3/09/Level3.java,0.9411764705882353,0.9320388349514563,0.803347280334728,0.702928870292887,0.69,0.7704918032786885,0.8640776699029126,0.8529411764705882,0.7346938775510204,0.9004739336492891,0.8651162790697674,0.9056603773584906,0.9569377990430622,0.9411764705882353,0.8995215311004785,0.7531380753138075,0.8056872037914692,0.9411764705882353,0.8380952380952381,0.9454545454545454,0.9411764705882353,1.0,0.7450980392156863,0.8878504672897196,0.8995215311004785,0.7623318385650224,0.6949152542372882,0.6153846153846154,0.6789667896678967,0.6721311475409836,0.6721311475409836,0.6473029045643154,0.7410358565737052,0.6666666666666666,0.7623318385650224,0.7627906976744186,0.6180257510729614,0.6070038910505836,0.582995951417004,0.7792207792207793,0.625,0.7068273092369478,0.6666666666666666,0.9411764705882353,0.757201646090535,0.9261083743842364,0.9411764705882353,0.9411764705882353,0.9411764705882353,0.8529411764705882,0.9313725490196079,0.9411764705882353,0.9411764705882353,0.9411764705882353,0.9411764705882353,0.9411764705882353,0.9411764705882353,0.9411764705882353,0.9411764705882353,0.9223300970873787,0.9411764705882353,0.7623318385650224,0.8118811881188119,0.5941422594142259,0.6070038910505836,0.5714285714285714,0.723404255319149,0.6382978723404256,0.6934306569343066,0.691358024691358
datasets/IR-Plag-Dataset/case-02/plagiarized/L3/08/Kasus2L3.java,0.7959183673469388,0.7878787878787878,0.7186147186147186,0.6926406926406926,0.7604166666666666,0.6779661016949152,0.8181818181818182,0.8775510204081632,0.6582278481012658,0.7783251231527094,0.7536231884057971,0.803921568627451,0.736318407960199,0.7959183673469388,0.7661691542288557,0.70995670995671,0.8177339901477833,0.7959183673469388,0.7425742574257426,0.7075471698113207,0.7959183673469388,0.7450980392156863,1.0,0.7378640776699029,0.7661691542288557,0.8186046511627907,0.6052631578947368,0.5309734513274337,0.5931558935361216,0.652542372881356,0.635593220338983,0.7296137339055794,0.6090534979423868,0.6722689075630253,0.8186046511627907,0.6666666666666666,0.5066666666666667,0.6184738955823293,0.602510460251046,0.7174887892376681,0.75,0.6224066390041494,0.6722689075630253,0.7959183673469388,0.6808510638297872,0.7794871794871795,0.7959183673469388,0.7959183673469388,0.7959183673469388,0.7755102040816326,0.7857142857142857,0.7959183673469388,0.7959183673469388,0.7959183673469388,0.7959183673469388,0.7959183673469388,0.7959183673469388,0.7959183673469388,0.7959183673469388,0.7878787878787878,0.7959183673469388,0.8186046511627907,0.7731958762886598,0.4935064935064935,0.6184738955823293,0.5901639344262295,0.6343612334801763,0.7136563876651982,0.5714285714285714,0.6297872340425532
datasets/IR-Plag-Dataset/case-02/plagiarized/L3/01/L3.java,0.912621359223301,0.8269230769230769,0.7883817427385892,0.6556016597510373,0.6732673267326733,0.7723577235772358,0.8365384615384616,0.8349514563106796,0.7368421052631579,0.7981220657276995,0.847926267281106,0.8037383177570093,0.9289099526066351,0.912621359223301,0.8720379146919431,0.6390041493775933,0.7793427230046949,0.912621359223301,0.9245283018867925,0.918918918918919,0.912621359223301,0.8878504672897196,0.7378640776699029,1.0,0.8720379146919431,0.7377777777777778,0.5798319327731093,0.6864406779661016,0.717948717948718,0.5609756097560976,0.5609756097560976,0.6172839506172839,0.8221343873517787,0.7096774193548387,0.7377777777777778,0.6359447004608295,0.6893617021276596,0.6177606177606177,0.6345381526104418,0.8412017167381974,0.628099173553719,0.796812749003984,0.7096774193548387,0.912621359223301,0.6693877551020408,0.9170731707317074,0.912621359223301,0.912621359223301,0.912621359223301,0.912621359223301,0.9223300970873787,0.912621359223301,0.912621359223301,0.912621359223301,0.912621359223301,0.912621359223301,0.912621359223301,0.912621359223301,0.912621359223301,0.9134615384615384,0.912621359223301,0.7377777777777778,0.7549019607843137,0.6390041493775933,0.6177606177606177,0.6220472440944882,0.7341772151898734,0.6160337552742616,0.7318840579710145,0.6122448979591837
datasets/IR-Plag-Dataset/case-02/plagiarized/L3/06/inout.java,0.9353233830845771,0.9261083743842364,0.7966101694915254,0.711864406779661,0.700507614213198,0.7302904564315352,0.8669950738916257,0.8756218905472637,0.7272727272727273,0.8942307692307693,0.8584905660377359,0.8995215311004785,0.912621359223301,0.9353233830845771,1.0,0.5847457627118644,0.8269230769230769,0.9353233830845771,0.8888888888888888,0.8663594470046083,0.9353233830845771,0.8995215311004785,0.7661691542288557,0.8720379146919431,1.0,0.8,0.592274678111588,0.683982683982684,0.6716417910447762,0.5726141078838174,0.5726141078838174,0.6638655462184874,0.7096774193548387,0.8148148148148148,0.8,0.6509433962264151,0.6869565217391305,0.5984251968503937,0.6557377049180327,0.8245614035087719,0.6075949367088608,0.7154471544715447,0.8148148148148148,0.9353233830845771,0.75,0.92,0.9353233830845771,0.9353233830845771,0.9353233830845771,0.9353233830845771,0.9253731343283582,0.9353233830845771,0.9353233830845771,0.9353233830845771,0.9353233830845771,0.9353233830845771,0.9353233830845771,0.9353233830845771,0.9353233830845771,0.916256157635468,0.9353233830845771,0.8,0.8040201005025126,0.6694915254237288,0.5984251968503937,0.642570281124498,0.7413793103448276,0.6206896551724138,0.6494464944649446,0.8
datasets/IR-Plag-Dataset/case-02/plagiarized/L4/03/Main.java,0.7906976744186046,0.783410138248848,0.68,0.6,0.5687203791469194,0.6352941176470588,0.728110599078341,0.8744186046511628,0.6328125,0.7567567567567568,0.6548672566371682,0.7623318385650224,0.7727272727272727,0.7906976744186046,0.8,0.528,0.9459459459459459,0.7906976744186046,0.751131221719457,0.7359307359307359,0.7906976744186046,0.7623318385650224,0.8186046511627907,0.7377777777777778,0.8,1.0,0.5506072874493927,0.6938775510204082,0.6453900709219859,0.47058823529411764,0.47058823529411764,0.6825396825396826,0.6793893129770993,0.6536964980544747,1.0,0.5929203539823009,0.6967213114754098,0.5597014925373134,0.5503875968992248,0.7024793388429752,0.6374501992031872,0.6846153846153846,0.6536964980544747,0.7906976744186046,0.7165354330708661,0.7757009345794392,0.7906976744186046,0.7906976744186046,0.7906976744186046,0.7906976744186046,0.7813953488372093,0.7906976744186046,0.7906976744186046,0.7906976744186046,0.7906976744186046,0.7906976744186046,0.7906976744186046,0.7906976744186046,0.7906976744186046,0.6820276497695853,0.7906976744186046,1.0,0.6666666666666666,0.608,0.5597014925373134,0.5399239543726235,0.6747967479674797,0.6504065040650406,0.624561403508772,0.6220472440944882
datasets/IR-Plag-Dataset/case-02/plagiarized/L4/04/Kasus2.java,0.7192982456140351,0.7130434782608696,0.6692015209125475,0.6615969581749049,0.75,0.6417910447761194,0.6173913043478261,0.5350877192982456,0.654275092936803,0.6978723404255319,0.6694560669456067,0.6949152542372882,0.592274678111588,0.7192982456140351,0.592274678111588,0.6768060836501901,0.5787234042553191,0.7192982456140351,0.5726495726495726,0.5655737704918032,0.7192982456140351,0.6949152542372882,0.6052631578947368,0.5798319327731093,0.592274678111588,0.5506072874493927,1.0,0.5116279069767442,0.7661016949152543,0.6716417910447762,0.6716417910447762,0.5811320754716981,0.7563636363636363,0.5925925925925926,0.5425101214574899,0.895397489539749,0.5136186770428015,0.8612099644128114,0.6568265682656826,0.5411764705882353,0.5606060606060606,0.7545787545787546,0.5925925925925926,0.7192982456140351,0.8838951310861424,0.7048458149779736,0.7192982456140351,0.7192982456140351,0.7192982456140351,0.6052631578947368,0.7105263157894737,0.7192982456140351,0.7192982456140351,0.7192982456140351,0.7192982456140351,0.7192982456140351,0.7192982456140351,0.7192982456140351,0.7192982456140351,0.6782608695652174,0.7192982456140351,0.5425101214574899,0.7522123893805309,0.5399239543726235,0.8612099644128114,0.644927536231884,0.5868725868725869,0.5945945945945946,0.6912751677852349,0.6142322097378277
